fft_res = [
'0000000000000010';
'1110110011110011';
'1111100111110110';
'1110110111110110';
'1110100011111111';
'1111011011111110';
'1111100011111010';
'1111101111111110';
'1111100100000001';
'1111010111111111';
'1111010111111100';
'1111110100011100';
'0000001011111010';
'0000010011100111';
'1110101111001100';
'0011000011010100';
'0000001111110110';
'1111101100000000';
'1111101111111110';
'1110100100011011';
'1111000100000011';
'1111110000000001';
'1111110111111110';
'1111111000000010';
'1111110100000100';
'1111101100000010';
'1111110100000000';
'1111111100000001';
'1100001100001000';
'1111110011111110';
'1111111011111111';
'1111111000000000';
'1111111000000001';
'1111100100000000';
'1111110111111111';
'0000001100111001';
'1110010000011001';
'1111100100000000';
'1111110011111110';
'1111111000000000';
'1111110000000110';
'1111101000000010';
'1111110100000000';
'1111111000000001';
'0000100011111101';
'0000010111111110';
'1111110011111111';
'1111110100000000';
'1111001011111010';
'0000001111010000';
'0010001000011000';
'0010010111111000';
'0010111000000111';
'0001101111101111';
'1111101111111110';
'1111111011111111';
'1101111000111100';
'1111101100000000';
'1111110111111111';
'1111110100000000';
'0000101011111100';
'0000010011001111';
'1111110011111101';
'1111110100000001';
'0001011100010010';
'1111111000000010';
'1111111111111111';
'0000100111110010';
'1110101100001101';
'1111110100000001';
'1111111100000000';
'0000000000000001';
'0000000000001001';
'1111110000000011';
'1111111111111111';
'1100010000100000';
'0001010111111000';
'0001110111010011';
'1111110100000111';
'1100011011110001';
'0001000111111000';
'1111111000000010';
'1111111000000000';
'0010000111100010';
'1110000000011011';
'1111111000000100';
'1111111100000000';
'0000000100000000';
'0000000000001111';
'1111111100000011';
'1111110100000000';
'0000000100000010';
'0000001100000010';
'0011000100000101';
'0000000011111110';
'0000000100000000';
'1111010100111000';
'0000000100000100';
'0000000000000001';
'0011000011000010';
'1101110011000010';
'0000000000000101';
'0000000000000000';
'0000000000000000';
'0000000100001110';
'1111110100000001';
'1111111100000000';
'0000000000000000';
'0010101100011111';
'0000000100000100';
'0000000100000000';
'0000001000000010';
'0011111000000011';
'1110101111111100';
'0001100000011001';
'0011011011001000';
'0001110011011000';
'1111110000101110';
'0000000011111111';
'0000000100000001';
'0000000111111001';
'1111111000000010';
'1111111100000001';
'0000000100000000';
'1110101100001000';
'1101101011001110';
'1111111100000000';
'0000000100000001';
'0001001100000000';
'1111111000000011';
'0000000000000000';
'1111000100011001';
'0000110011101011';
'1111110100000010';
'1111111100000000';
'0000000000000010';
'0000000111111101';
'1111111000000100';
'1111110100000000';
'0000010011100010';
'1111010000000101';
'1111010000010111';
'1111100100101110';
'1111111011011100';
'1111011000000011';
'1111111000000011';
'1111111100000001';
'0000100111010100';
'0000011111110011';
'1111111100000100';
'1111111100000001';
'0000000100000001';
'0000001011111111';
'1111110100000100';
'1111111100000001';
'0000000000000001';
'0000100011101110';
'0011001111101010';
'1111111000000000';
'0000000100000001';
'1111111011110110';
'1111111000000101';
'1111110100000000';
'1111100111111111';
'1110111011111000';
'1111111100000011';
'1111111000000001';
'0000000100000001';
'0000001100000001';
'1111111000000100';
'1111111100000010';
'0000001100000001';
'1111101000000001';
'0011000100001110';
'1111111000000010';
'0000000000000001';
'0000011011111011';
'0000111100010000';
'1101111000001000';
'0000011000001001';
'0000000011111010';
'1101100111111101';
'1111111000000010';
'0000000100000000';
'0000001100000000';
'1111111100000101';
'1111110100000001';
'0000001000000001';
'1111101011111111';
'1110111111101100';
'1111110100000010';
'0000000011111111';
'0000011000011101';
'1111111100000110';
'1111111000000000';
'1111101011001010';
'0000000011111010';
'1111111000000110';
'1111111100000010';
'0000000100000000';
'1111101000100001';
'1111101100000111';
'1111110100000001';
'1110111011011010';
'0011100111111111';
'1110111011001010';
'0000101000011001';
'1110111111001101';
'1111110000000011';
'0000000000000111';
'1111110100000011';
'0000000011111000';
'0000000011111001';
'1111111100000101';
'1111111000000011';
'0000000111111111';
'0000010100000001';
'1111111100000111';
'1111110100000010';
'0000010011111111';
'1111011111010100';
'1111001011000100';
'1111111000000011';
'0000000100000001';
'1111101111111011';
'0000000000000110';
'1111110100000011';
'1111111111110110';
'1100010100110100';
'1111111100000111';
'1111110000000011';
'0000001011111111';
'0000011100000000';
'1111111100000110';
'1111111000000011';
'0000000100000000';
'1111101111111101';
'0000100100101100';
'1111110100000011';
'0000001011111111';
'0000001011111001';
'1100010111010010';
'1110111011001100';
'0000001000000011';
'1111111011111011';
'1110101000000100';
'1111101100000100';
'0000000100000000';
'0000100011111111';
'1111111100001001';
'1111110100000100';
'0000000011111111';
'1111100011111100';
'1110101111101001';
'1111110000000011';
'0000000111111111';
'0000011111100010';
'0000000100001010';
'1111110100000101';
'1111110100000101';
'0000001011111100';
'0000001100001010';
'1111110100000110';
'0000001111111110';
'0000111111111110';
'0000010100001011';
'1111110000000101';
'0000100100100011';
'1111011111111010';
'0001011011111101';
'0010101011101000';
'1110111111010111';
'0000100000000111';
'0000011000001111';
'1111110000000111';
'0000010000011100';
'0000001011111011';
'0000011000010000';
'1111101100001001';
'0000010011111110';
'0001011011111011';
'0000011000010101';
'1111110000001010';
'0000010011111101';
'0011110000000010';
'1110001100011111';
'1111100100001101';
'0000010011111011';
'0000000000001011';
'0000101000011110';
'1111100000010000';
'0000110011101101';
'0000000100010110';
'0000111100100100';
'1111001100010111';
'0000011111111000';
'0011101111110000';
'0001011000110100';
'1111000000100000';
'0000100011110100';
'1100110011011000';
'1101010100010101';
'1110000100111000';
'0000111011100111';
'1111011011010110';
'1110001000011011';
'0001100000011000';
'1110011111110101';
'1100111100100010';
'1111011000010001';
'0011010100010001';
'1111001100011001';
'1111000000010011';
'1101010000100111';
'0001010011010001';
'1111101100001011';
'0010110000100010';
'1100100100100100';
'0000110111100101';
'1111111100001001';
'0010011011111001';
'1110101111011100';
'0000101011101001';
'1111111100000111';
'1111100011111111';
'1111000111100101';
'0000011111101101';
'1111111100000101';
'1110001100001100';
'1111001111101000';
'0000011011110010';
'1101001011110111';
'0001000100001011';
'1100110100010111';
'1100110111101000';
'0000101011011100';
'1110001111111101';
'1111010111110001';
'0000010011110100';
'1100000000001101';
'1111110011111101';
'1111011111110010';
'0000010111110111';
'0000000100000010';
'1111000000001000';
'1111100011110100';
'0000010011110111';
'0000000100000010';
'0011101100000011';
'0000100011100101';
'0000001111111000';
'0000001000000011';
'1111001011101111';
'1111101011110110';
'0000001111111000';
'0011011000010110';
'1101100111100101';
'1111101111110111';
'0000001111111001';
'0000001000000001';
'1111011000001000';
'1111101011110110';
'0000001011111001';
'0000001000000001';
'0000100100000101';
'1101011111111010';
'0000001011111010';
'0000001000000010';
'0000000011111001';
'1100101100010100';
'1111011000010110';
'0000000111111101';
'1111110011111110';
'0010101011010001';
'0000001011111010';
'0000001100000001';
'1111100000000111';
'1111101111111001';
'0000001011111010';
'0000001000000001';
